MEMORY
  total            13.4 MB
  struct          159.1 KB
  buffer          241.5 KB
  arena            13.0 MB, used 0.1%

SIZES
  narena                13631488
  nbuffer               247344
  nplugin               0
  maxuse_stack          11944
  maxuse_arena          11944
  maxuse_con            0
  maxuse_efc            0
  ncon                  0
  ne                    0
  nf                    0
  nl                    0
  nefc                  0
  nJ                    0
  nA                    0
  nisland               0
  nidof                 0
  threadpool            0

ENERGY =   0         0       

TIME =  0       

XFRC_APPLIED
   0         0         0         0         0         0       
   0         0         0         0         0         0       
   0         0         0         0         0         0       
   0         0         0         0         0         0       
   0         0         0         0         0         0       
   0         0         0         0         0         0       
   0         0         0         0         0         0       
   0         0         0         0         0         0       
   0         0         0         0         0         0       
   0         0         0         0         0         0       
   0         0         0         0         0         0       
   0         0         0         0         0         0       
   0         0         0         0         0         0       
   0         0         0         0         0         0       
   0         0         0         0         0         0       
   0         0         0         0         0         0       
   0         0         0         0         0         0       
   0         0         0         0         0         0       
   0         0         0         0         0         0       
   0         0         0         0         0         0       
   0         0         0         0         0         0       
   0         0         0         0         0         0       
   0         0         0         0         0         0       
   0         0         0         0         0         0       
   0         0         0         0         0         0       
   0         0         0         0         0         0       
   0         0         0         0         0         0       
   0         0         0         0         0         0       
   0         0         0         0         0         0       
   0         0         0         0         0         0       
   0         0         0         0         0         0       
   0         0         0         0         0         0       
   0         0         0         0         0         0       
   0         0         0         0         0         0       
   0         0         0         0         0         0       
   0         0         0         0         0         0       
   0         0         0         0         0         0       
   0         0         0         0         0         0       
   0         0         0         0         0         0       
   0         0         0         0         0         0       
   0         0         0         0         0         0       
   0         0         0         0         0         0       
   0         0         0         0         0         0       
   0         0         0         0         0         0       
   0         0         0         0         0         0       
   0         0         0         0         0         0       
   0         0         0         0         0         0       
   0         0         0         0         0         0       
   0         0         0         0         0         0       
   0         0         0         0         0         0       
   0         0         0         0         0         0       
   0         0         0         0         0         0       
   0         0         0         0         0         0       
   0         0         0         0         0         0       
   0         0         0         0         0         0       
   0         0         0         0         0         0       
   0         0         0         0         0         0       

XPOS
   0         0         0       
   0         0         0       
   0.3       0         0       
   0.6       0         0       
   0.9       0         0       
   1.2       0         0       
   1.5       0         0       
   0         0.3       0       
   0.3       0.3       0       
   0.6       0.3       0       
   0.9       0.3       0       
   1.2       0.3       0       
   1.5       0.3       0       
   0         0.6       0       
   0.3       0.6       0       
   0.6       0.6       0       
   0.9       0.6       0       
   1.2       0.6       0       
   1.5       0.6       0       
   0         0.9       0       
   0.3       0.9       0       
   0.6       0.9       0       
   0.9       0.9       0       
   1.2       0.9       0       
   1.5       0.9       0       
   0         1.2       0       
   0.3       1.2       0       
   0.6       1.2       0       
   0.9       1.2       0       
   1.2       1.2       0       
   1.5       1.2       0       
   0         1.5       0       
   0.3       1.5       0       
   0.6       1.5       0       
   0.65     -0.6       0.03    
   0.65     -0.6       0.03    
   0.65     -0.6       0.03    
   0.74     -0.62      0.014   
   0.74     -0.62      0.056   
   0.74     -0.65      0.056   
   0.74     -0.69      0.056   
   0.79     -0.63      0.023   
   0.82     -0.63      0.041   
   0.86     -0.63      0.041   
   0.89     -0.63      0.041   
   0.79     -0.6       0.023   
   0.82     -0.6       0.041   
   0.86     -0.6       0.041   
   0.9      -0.6       0.041   
   0.79     -0.58      0.023   
   0.81     -0.58      0.041   
   0.85     -0.58      0.041   
   0.89     -0.58      0.041   
   0.74     -0.58      0.04    
   0.78     -0.55      0.04    
   0.81     -0.55      0.04    
   0.85     -0.55      0.04    

XQUAT
   1         0         0         0       
   1         0         0         0       
   1         0         0         0       
   1         0         0         0       
   1         0         0         0       
   1         0         0         0       
   1         0         0         0       
   1         0         0         0       
   1         0         0         0       
   1         0         0         0       
   1         0         0         0       
   1         0         0         0       
   1         0         0         0       
   1         0         0         0       
   1         0         0         0       
   1         0         0         0       
   1         0         0         0       
   1         0         0         0       
   1         0         0         0       
   1         0         0         0       
   1         0         0         0       
   1         0         0         0       
   1         0         0         0       
   1         0         0         0       
   1         0         0         0       
   1         0         0         0       
   1         0         0         0       
   1         0         0         0       
   1         0         0         0       
   1         0         0         0       
   1         0         0         0       
   1         0         0         0       
   1         0         0         0       
   1         0         0         0       
   0         0.71      0         0.71    
   0         0.71      0         0.71    
   0         0.71      0         0.71    
   0         0.71      0         0.71    
   0         0.71      0         0.71    
   0         0.71      0         0.71    
   0         0.71      0         0.71    
   0         0.71      0         0.71    
   0         0.71      0         0.71    
   0         0.71      0         0.71    
   0         0.71      0         0.71    
   0         0.71      0         0.71    
   0         0.71      0         0.71    
   0         0.71      0         0.71    
   0         0.71      0         0.71    
   0         0.71      0         0.71    
   0         0.71      0         0.71    
   0         0.71      0         0.71    
   0         0.71      0         0.71    
   0         0.71      0         0.71    
   0         0.71      0         0.71    
   0         0.71      0         0.71    
   0         0.71      0         0.71    

XMAT
   1         0         0         0         1         0         0         0         1       
   1         0         0         0         1         0         0         0         1       
   1         0         0         0         1         0         0         0         1       
   1         0         0         0         1         0         0         0         1       
   1         0         0         0         1         0         0         0         1       
   1         0         0         0         1         0         0         0         1       
   1         0         0         0         1         0         0         0         1       
   1         0         0         0         1         0         0         0         1       
   1         0         0         0         1         0         0         0         1       
   1         0         0         0         1         0         0         0         1       
   1         0         0         0         1         0         0         0         1       
   1         0         0         0         1         0         0         0         1       
   1         0         0         0         1         0         0         0         1       
   1         0         0         0         1         0         0         0         1       
   1         0         0         0         1         0         0         0         1       
   1         0         0         0         1         0         0         0         1       
   1         0         0         0         1         0         0         0         1       
   1         0         0         0         1         0         0         0         1       
   1         0         0         0         1         0         0         0         1       
   1         0         0         0         1         0         0         0         1       
   1         0         0         0         1         0         0         0         1       
   1         0         0         0         1         0         0         0         1       
   1         0         0         0         1         0         0         0         1       
   1         0         0         0         1         0         0         0         1       
   1         0         0         0         1         0         0         0         1       
   1         0         0         0         1         0         0         0         1       
   1         0         0         0         1         0         0         0         1       
   1         0         0         0         1         0         0         0         1       
   1         0         0         0         1         0         0         0         1       
   1         0         0         0         1         0         0         0         1       
   1         0         0         0         1         0         0         0         1       
   1         0         0         0         1         0         0         0         1       
   1         0         0         0         1         0         0         0         1       
   1         0         0         0         1         0         0         0         1       
   0         0         1         0        -1         0         1         0         0       
   0         0         1         0        -1         0         1         0         0       
   0         0         1         0        -1         0         1         0         0       
   0         0         1         0        -1         0         1         0         0       
   0         0         1         0        -1         0         1         0         0       
   0         0         1         0        -1         0         1         0         0       
   0         0         1         0        -1         0         1         0         0       
   0         0         1         0        -1         0         1         0         0       
   0         0         1         0        -1         0         1         0         0       
   0         0         1         0        -1         0         1         0         0       
   0         0         1         0        -1         0         1         0         0       
   0         0         1         0        -1         0         1         0         0       
   0         0         1         0        -1         0         1         0         0       
   0         0         1         0        -1         0         1         0         0       
   0         0         1         0        -1         0         1         0         0       
   0         0         1         0        -1         0         1         0         0       
   0         0         1         0        -1         0         1         0         0       
   0         0         1         0        -1         0         1         0         0       
   0         0         1         0        -1         0         1         0         0       
   0         0         1         0        -1         0         1         0         0       
   0         0         1         0        -1         0         1         0         0       
   0         0         1         0        -1         0         1         0         0       
   0         0         1         0        -1         0         1         0         0       

XIPOS
   0         0         0       
   1.2e-06  -4.2e-06   0.0048  
   0.3      -1.8e-05   0.0048  
   0.6       0.0011    0.037   
   0.9       0.001     0.037   
   1.2       0.002     0.04    
   1.5      -4.4e-06   0.0033  
   0.00045   0.32      0.00045 
   0.3       0.32     -1.4e-06 
   0.6       0.32     -0.00035 
   0.9       0.31      0.0038  
   1.2       0.31      0.0038  
   1.5       0.3       0.024   
   1.4e-06   0.6       0.023   
   0.3       0.6       0.023   
   0.6       0.6       0.016   
   0.9       0.6       0.0072  
   1.2       0.6       0.0071  
   1.5       0.6       0.023   
   1.4e-06   0.9       0.023   
   0.3       0.9       0.023   
   0.6       0.9       0.016   
   0.9       0.9       0.0072  
   1.2       0.9       0.024   
   1.5       0.9       0.023   
   1.4e-06   1.2       0.023   
   0.3       1.2       0.016   
   0.6       1.2       0.0072  
   0.9       1.2       0.014   
   1.2       1.2       0.016   
   1.5       1.2       0.016   
  -0.00035   1.5       0.018   
   0.3       1.5       0.0072  
   0.6       1.5       0.0071  
   0.68     -1.1e-16   0.68    
   0.73     -0.6       0.024   
   0.65     -0.6       0.03    
   0.74     -0.62      0.033   
   0.74     -0.63      0.056   
   0.74     -0.67      0.056   
   0.74     -0.71      0.056   
   0.81     -0.63      0.022   
   0.84     -0.63      0.041   
   0.88     -0.63      0.041   
   0.91     -0.63      0.041   
   0.82     -0.6       0.022   
   0.84     -0.6       0.041   
   0.88     -0.6       0.041   
   0.92     -0.6       0.041   
   0.81     -0.58      0.022   
   0.84     -0.58      0.041   
   0.87     -0.58      0.041   
   0.91     -0.58      0.041   
   0.76     -0.56      0.036   
   0.8      -0.55      0.04    
   0.83     -0.55      0.04    
   0.87     -0.55      0.041   

XIMAT
   1         0         0         0         1         0         0         0         1       
   0         0         1         0        -1         0         1         0         0       
  -0.00042   0.34      0.94      0.0002   -0.94      0.34      1         0.00033   0.00032 
   0.83     -0.47     -0.29      0.54      0.78      0.3       0.083    -0.41      0.91    
   0.84     -0.47     -0.29      0.54      0.78      0.3       0.086    -0.41      0.91    
   0.98      0.17     -0.028     0.099    -0.68     -0.73     -0.15      0.72     -0.68    
  -0.00019   0.26      0.97      1         8.3e-17   0.0002    5.1e-05   0.97     -0.26    
   0.69      0.71     -0.14     -0.2      -0.0014   -0.98     -0.69      0.71      0.14    
  -5.6e-17  -1        -0.085     0         0.085    -1         1         0         0       
  -0.012    -1        -0.022     0.051     0.021    -1         1        -0.014     0.051   
  -5.6e-17   0         1         0.19     -0.98      0         0.98      0.19      0       
  -5.6e-17   0         1         0.19     -0.98      0         0.98      0.19      0       
   0.083    -0.53      0.84      1         0.078    -0.048    -0.04      0.84      0.54    
   1         0         0         0         1        -0.085     0         0.085     1       
   1         0         0         0         1        -0.085     0         0.085     1       
   0.99     -0.052    -0.13      0.032     0.99     -0.15      0.13      0.15      0.98    
   0.98     -0.19      0         0         0        -1         0.19      0.98      0       
   0.98     -0.19      0         0         0        -1         0.19      0.98      0       
   0.027    -0.54      0.84      1         0.012    -0.024     0.0025    0.84      0.54    
   1         0         0         0         1        -0.085     0         0.085     1       
   1         0         0         0         1        -0.085     0         0.085     1       
   0.99     -0.052    -0.13      0.032     0.99     -0.15      0.13      0.15      0.98    
   0.98     -0.19      0         0         0        -1         0.19      0.98      0       
  -0.022    -0.54      0.84      1        -0.049    -0.0051    0.044     0.84      0.54    
   1         0         0         0         1        -0.085     0         0.085     1       
   1         0         0         0         1        -0.085     0         0.085     1       
   0.99     -0.052    -0.13      0.032     0.99     -0.15      0.13      0.15      0.98    
   0.98     -0.19      0         0         0        -1         0.19      0.98      0       
  -0.094    -0.99     -0.064     0.94     -0.069    -0.32      0.32     -0.091     0.94    
   0.69     -0.71      0.14      0.69      0.71      0.14     -0.2       0.0015    0.98    
   1        -0         0         0         1         0.085    -0        -0.085     1       
   1         0.014    -0.051    -0.012     1         0.022     0.051    -0.021     1       
   0.98     -0.19      0         0         0        -1         0.19      0.98      0       
   0.98     -0.2       0.023     0.039     0.076    -1         0.2       0.98      0.082   
   1         0         0         0         1         0         0         0         1       
   0.088    -0.053     0.99     -0.11     -0.99     -0.043     0.99     -0.11     -0.093   
   0         0         1         0        -1         0         1         0         0       
   5.1e-05   0.97     -0.26     -1        -1.7e-16  -0.0002   -0.00019   0.26      0.97    
  -0.69      0.71      0.14      0.2       0.0014    0.98      0.69      0.71     -0.14    
   1         0         0         0        -0.085     1         0        -1        -0.085   
   1         0.0074   -0.026     0.026    -0.017     1         0.007    -1        -0.017   
  -0.04      0.84      0.54     -1        -0.078     0.048     0.083    -0.53      0.84    
   0         0.085     1         0        -1         0.085     1         0         0       
   0         0.085     1         0        -1         0.085     1         0         0       
  -0.06      0.083     0.99      0.017    -1         0.084     1         0.022     0.059   
   0.0025    0.84      0.54     -1        -0.012     0.024     0.027    -0.54      0.84    
   0         0.085     1         0        -1         0.085     1         0         0       
   0         0.085     1         0        -1         0.085     1         0         0       
  -0.06      0.083     0.99      0.017    -1         0.084     1         0.022     0.059   
   0.044     0.84      0.54     -1         0.049     0.0051   -0.022    -0.54      0.84    
   0         0.085     1         0        -1         0.085     1         0         0       
   0         0.085     1         0        -1         0.085     1         0         0       
  -0.06      0.083     0.99      0.017    -1         0.084     1         0.022     0.059   
   0.32     -0.091     0.94     -0.94      0.069     0.32     -0.094    -0.99     -0.064   
  -0.2       0.0015    0.98     -0.69     -0.71     -0.14      0.69     -0.71      0.14    
   0        -0.085     1         0        -1        -0.085     1         0         0       
  -0.026    -0.017     1        -0.007    -1        -0.017     1        -0.0074    0.026   

GEOM_XPOS
   0.75      0.3      -0.01    
   1.2e-06  -4.2e-06   0.0048  
   0.3      -1.8e-05   0.0048  
   0.6       0.0011    0.037   
   0.9       0.001     0.037   
   1.2       0.002     0.04    
   1.5      -4.4e-06   0.0033  
   0.00045   0.32      0.00045 
   0.3       0.32     -1.4e-06 
   0.6       0.32     -0.00035 
   0.9       0.31      0.0038  
   1.2       0.31      0.0038  
   1.5       0.3       0.024   
   1.4e-06   0.6       0.023   
   0.3       0.6       0.023   
   0.6       0.6       0.016   
   0.9       0.6       0.0072  
   1.2       0.6       0.0071  
   1.5       0.6       0.023   
   1.4e-06   0.9       0.023   
   0.3       0.9       0.023   
   0.6       0.9       0.016   
   0.9       0.9       0.0072  
   1.2       0.9       0.024   
   1.5       0.9       0.023   
   1.4e-06   1.2       0.023   
   0.3       1.2       0.016   
   0.6       1.2       0.0072  
   0.9       1.2       0.014   
   1.2       1.2       0.016   
   1.5       1.2       0.016   
  -0.00035   1.5       0.018   
   0.3       1.5       0.0072  
   0.6       1.5       0.0071  
   0.65     -0.6       0.03    
   0.69     -0.6       0.028   
   0.76     -0.6       0.021   
   0.74     -0.62      0.033   
   0.74     -0.63      0.056   
   0.74     -0.67      0.056   
   0.74     -0.71      0.056   
   0.74     -0.73      0.056   
   0.81     -0.63      0.022   
   0.84     -0.63      0.041   
   0.88     -0.63      0.041   
   0.91     -0.63      0.04    
   0.93     -0.63      0.044   
   0.82     -0.6       0.022   
   0.84     -0.6       0.041   
   0.88     -0.6       0.041   
   0.91     -0.6       0.04    
   0.93     -0.6       0.044   
   0.81     -0.58      0.022   
   0.84     -0.58      0.041   
   0.87     -0.58      0.041   
   0.91     -0.58      0.04    
   0.92     -0.58      0.044   
   0.76     -0.56      0.036   
   0.8      -0.55      0.04    
   0.83     -0.55      0.04    
   0.87     -0.55      0.04    
   0.89     -0.55      0.044   

GEOM_XMAT
   1         0         0         0         1         0         0         0         1       
   0         0         1         0        -1         0         1         0         0       
  -0.00042   0.34      0.94      0.0002   -0.94      0.34      1         0.00033   0.00032 
   0.83     -0.47     -0.29      0.54      0.78      0.3       0.083    -0.41      0.91    
   0.84     -0.47     -0.29      0.54      0.78      0.3       0.086    -0.41      0.91    
   0.98      0.17     -0.028     0.099    -0.68     -0.73     -0.15      0.72     -0.68    
  -0.00019   0.26      0.97      1         8.3e-17   0.0002    5.1e-05   0.97     -0.26    
   0.69      0.71     -0.14     -0.2      -0.0014   -0.98     -0.69      0.71      0.14    
  -5.6e-17  -1        -0.085     0         0.085    -1         1         0         0       
  -0.012    -1        -0.022     0.051     0.021    -1         1        -0.014     0.051   
  -5.6e-17   0         1         0.19     -0.98      0         0.98      0.19      0       
  -5.6e-17   0         1         0.19     -0.98      0         0.98      0.19      0       
   0.083    -0.53      0.84      1         0.078    -0.048    -0.04      0.84      0.54    
   1         0         0         0         1        -0.085     0         0.085     1       
   1         0         0         0         1        -0.085     0         0.085     1       
   0.99     -0.052    -0.13      0.032     0.99     -0.15      0.13      0.15      0.98    
   0.98     -0.19      0         0         0        -1         0.19      0.98      0       
   0.98     -0.19      0         0         0        -1         0.19      0.98      0       
   0.027    -0.54      0.84      1         0.012    -0.024     0.0025    0.84      0.54    
   1         0         0         0         1        -0.085     0         0.085     1       
   1         0         0         0         1        -0.085     0         0.085     1       
   0.99     -0.052    -0.13      0.032     0.99     -0.15      0.13      0.15      0.98    
   0.98     -0.19      0         0         0        -1         0.19      0.98      0       
  -0.022    -0.54      0.84      1        -0.049    -0.0051    0.044     0.84      0.54    
   1         0         0         0         1        -0.085     0         0.085     1       
   1         0         0         0         1        -0.085     0         0.085     1       
   0.99     -0.052    -0.13      0.032     0.99     -0.15      0.13      0.15      0.98    
   0.98     -0.19      0         0         0        -1         0.19      0.98      0       
  -0.094    -0.99     -0.064     0.94     -0.069    -0.32      0.32     -0.091     0.94    
   0.69     -0.71      0.14      0.69      0.71      0.14     -0.2       0.0015    0.98    
   1        -0         0         0         1         0.085    -0        -0.085     1       
   1         0.014    -0.051    -0.012     1         0.022     0.051    -0.021     1       
   0.98     -0.19      0         0         0        -1         0.19      0.98      0       
   0.98     -0.2       0.023     0.039     0.076    -1         0.2       0.98      0.082   
   1         0         0         0         1         0         0         0         1       
   0.083    -0.41      0.91     -0.54     -0.78     -0.3       0.83     -0.47     -0.29    
  -0.15      0.72     -0.68     -0.099     0.68      0.73      0.98      0.17     -0.028   
   5.1e-05   0.97     -0.26     -1        -1.7e-16  -0.0002   -0.00019   0.26      0.97    
  -0.69      0.71      0.14      0.2       0.0014    0.98      0.69      0.71     -0.14    
   1         0         0         0        -0.085     1         0        -1        -0.085   
   1        -0.014     0.051    -0.051    -0.021     1        -0.012    -1        -0.022   
   0.98      0.19      0        -0.19      0.98      0         0         0         1       
  -0.04      0.84      0.54     -1        -0.078     0.048     0.083    -0.53      0.84    
   0         0.085     1         0        -1         0.085     1         0         0       
   0         0.085     1         0        -1         0.085     1         0         0       
   0.13      0.15      0.98     -0.032    -0.99      0.15      0.99     -0.052    -0.13    
   0.19      0.98      0         0         0         1         0.98     -0.19      0       
   0.0025    0.84      0.54     -1        -0.012     0.024     0.027    -0.54      0.84    
   0         0.085     1         0        -1         0.085     1         0         0       
   0         0.085     1         0        -1         0.085     1         0         0       
   0.13      0.15      0.98     -0.032    -0.99      0.15      0.99     -0.052    -0.13    
   0.19      0.98      0         0         0         1         0.98     -0.19      0       
   0.044     0.84      0.54     -1         0.049     0.0051   -0.022    -0.54      0.84    
   0         0.085     1         0        -1         0.085     1         0         0       
   0         0.085     1         0        -1         0.085     1         0         0       
   0.13      0.15      0.98     -0.032    -0.99      0.15      0.99     -0.052    -0.13    
   0.19      0.98      0         0         0         1         0.98     -0.19      0       
   0.32     -0.091     0.94     -0.94      0.069     0.32     -0.094    -0.99     -0.064   
  -0.2       0.0015    0.98     -0.69     -0.71     -0.14      0.69     -0.71      0.14    
   0        -0.085     1         0        -1        -0.085     1         0         0       
   0.051    -0.021     1         0.012    -1        -0.022     1         0.014    -0.051   
   0.19      0.98      0         0         0         1         0.98     -0.19      0       

LIGHT_XPOS
   0         0         5       
   5         0         3       
  -5         0         3       
   0         5         3       
   0        -5         3       

LIGHT_XDIR
   0         0        -1       
  -0.71      0        -0.71    
   0.71      0        -0.71    
   0        -0.71     -0.71    
   0         0.71     -0.71    

SUBTREE_COM
   0.82     -0.14      0.03    
   1.2e-06  -4.2e-06   0.0048  
   0.3      -1.8e-05   0.0048  
   0.6       0.0011    0.037   
   0.9       0.001     0.037   
   1.2       0.002     0.04    
   1.5      -4.4e-06   0.0033  
   0.00045   0.32      0.00045 
   0.3       0.32     -1.4e-06 
   0.6       0.32     -0.00035 
   0.9       0.31      0.0038  
   1.2       0.31      0.0038  
   1.5       0.3       0.024   
   1.4e-06   0.6       0.023   
   0.3       0.6       0.023   
   0.6       0.6       0.016   
   0.9       0.6       0.0072  
   1.2       0.6       0.0071  
   1.5       0.6       0.023   
   1.4e-06   0.9       0.023   
   0.3       0.9       0.023   
   0.6       0.9       0.016   
   0.9       0.9       0.0072  
   1.2       0.9       0.024   
   1.5       0.9       0.023   
   1.4e-06   1.2       0.023   
   0.3       1.2       0.016   
   0.6       1.2       0.0072  
   0.9       1.2       0.014   
   1.2       1.2       0.016   
   1.5       1.2       0.016   
  -0.00035   1.5       0.018   
   0.3       1.5       0.0072  
   0.6       1.5       0.0071  
   0.76     -0.6       0.029   
   0.73     -0.6       0.024   
   0.65     -0.6       0.03    
   0.74     -0.66      0.048   
   0.74     -0.68      0.056   
   0.74     -0.69      0.056   
   0.74     -0.71      0.056   
   0.85     -0.63      0.033   
   0.88     -0.63      0.041   
   0.89     -0.63      0.041   
   0.91     -0.63      0.041   
   0.85     -0.6       0.033   
   0.88     -0.6       0.041   
   0.9      -0.6       0.041   
   0.92     -0.6       0.041   
   0.84     -0.58      0.033   
   0.87     -0.58      0.041   
   0.89     -0.58      0.041   
   0.91     -0.58      0.041   
   0.8      -0.55      0.038   
   0.84     -0.55      0.04    
   0.85     -0.55      0.04    
   0.87     -0.55      0.041   

CINERT
   0         0         0         0         0         0         0         0         0         0       
   5.1e-06   5.1e-06   9.6e-06   0         0         0         5.6e-24   0         0         0.027   
   5.1e-06   5.1e-06   9.6e-06  -2.3e-09  -1.9e-09   9.1e-10   1.5e-18   0         2.3e-20   0.027   
   0.00022   0.00022   0.00018   7.1e-06   1.2e-05  -1.2e-05   0         0         0         0.3     
   0.00022   0.00021   0.00018   7e-06     1.2e-05  -1.2e-05  -3.3e-17   6.5e-20   0         0.3     
   0.00033   0.00025   0.00026   5e-06    -9.2e-06  -2e-05     9e-17     0         2.8e-18   0.41    
   1.8e-06   7e-06     6.4e-06  -1.1e-09   1.3e-06   2.9e-10  -5.4e-18   0        -1.1e-20   0.024   
   1.1e-06   6.6e-07   1.1e-06  -6.9e-08   2.1e-09   6.8e-08   5.4e-22   0         0         0.01    
   2.8e-06   9.8e-07   3.1e-06  -1.6e-07  -1.7e-22   0         0         0         0         0.016   
   3.8e-06   1.1e-06   4e-06    -6e-08     1.4e-09   1.5e-07   0         0         0         0.018   
   8.5e-08   1.1e-07   1.4e-07  -1.5e-24  -7.6e-24   5.7e-09   0         0         0         0.003   
   8.5e-08   1.1e-07   1.4e-07  -1.5e-24  -7.6e-24   5.7e-09  -6.6e-19  -1.7e-19  -1.3e-21   0.003   
   4.1e-06   6.1e-06   4.4e-06   1.5e-07  -3e-07    -4.3e-08   0         0         0         0.036   
   3.1e-06   2.8e-06   9.8e-07   0         0         1.6e-07   0         0         0         0.016   
   3.1e-06   2.8e-06   9.8e-07   0         0         1.6e-07   0         0         0         0.016   
   1.3e-06   1.1e-06   6.7e-07  -2.6e-09   8.8e-08   7.3e-08   0         0         0         0.011   
   1.4e-07   8.5e-08   1.1e-07   0         5.7e-09   0         0         0         0         0.003   
   1.4e-07   8.4e-08   1.1e-07   0         5.7e-09   0         6.6e-19   0         0         0.003   
   3.7e-06   5.9e-06   4e-06     5.8e-08  -3.2e-07   1.3e-08   7.2e-18   3.6e-18   0         0.032   
   3.1e-06   2.8e-06   9.8e-07   0         0         1.6e-07   0         0         0         0.016   
   3.1e-06   2.8e-06   9.8e-07   0         0         1.6e-07   0         0         0         0.016   
   1.3e-06   1.1e-06   6.7e-07  -2.6e-09   8.8e-08   7.3e-08   0         1.2e-18   0         0.011   
   1.4e-07   8.5e-08   1.1e-07   0         5.7e-09   0         0         3.3e-19   0         0.003   
   4.1e-06   6.1e-06   4.4e-06  -3.1e-08  -3e-07     6.8e-08   0         0         0         0.036   
   3.1e-06   2.8e-06   9.8e-07   0         0         1.6e-07   0         0         0         0.016   
   3.1e-06   2.8e-06   9.8e-07   0         0         1.6e-07   0         0         0         0.016   
   1.3e-06   1.1e-06   6.7e-07  -2.6e-09   8.8e-08   7.3e-08   0         0         0         0.011   
   1.4e-07   8.5e-08   1.1e-07   0         5.7e-09   0         0         6.6e-19   0         0.003   
   1.3e-05   1.3e-05   6.8e-06  -2.1e-07   4e-07     2.3e-06  -5.6e-18   0        -8.7e-20   0.05    
   1.1e-06   1.1e-06   6.6e-07  -1.7e-09  -6.9e-08  -6.8e-08   0         2.2e-18   0         0.01    
   3.1e-06   2.8e-06   9.8e-07   0         0        -1.6e-07   0         0         0         0.016   
   4e-06     3.8e-06   1.1e-06   1.4e-09   1.5e-07  -6e-08     0         0         0         0.018   
   1.4e-07   8.5e-08   1.1e-07   0         5.7e-09   0         0         6.6e-19   0         0.003   
   1.4e-07   8.3e-08   1.2e-07   1.6e-09   4.2e-09   3e-09     0        -6.2e-19   0         0.0028  
   0         0         0         0         0         0        -0         0         0         0       
   0.00047   0.0023    0.0024    4.1e-05   6.8e-06  -1.4e-05  -0.023    -0.00018  -0.0033    0.74    
   0         0         0         0         0         0        -0         0         0         0       
   1.4e-05   1.8e-05   2e-05    -9.1e-06   3.5e-06   1.8e-06  -0.00051  -0.00043   0.0001    0.024   
   2e-05     1.4e-05   1.8e-05  -8.1e-06   6.6e-06   9.2e-06  -0.00024  -0.00033   0.00028   0.01    
   8.3e-05   2.3e-05   8.1e-05  -2.6e-05   1.1e-05   2.9e-05  -0.0004   -0.0011    0.00044   0.016   
   0.00028   2.9e-05   0.00027  -5.6e-05   1.4e-05   6.3e-05  -0.00052  -0.0023    0.00057   0.021   
   3.1e-05   0.00011   0.00013   5e-05     1.2e-05  -6.5e-06   0.0019   -0.00095  -0.00024   0.036   
   1.4e-05   0.00011   0.00011   3.3e-05  -1.5e-05   5e-06     0.0013   -0.00042   0.00019   0.016   
   1.4e-05   0.00023   0.00024   4.9e-05  -2.3e-05   5e-06     0.0019   -0.00042   0.00019   0.016   
   1.2e-05   0.00032   0.00033   5.4e-05  -2.5e-05   4.3e-06   0.0021   -0.00035   0.00017   0.014   
   5.4e-06   0.00011   0.00011   2e-06     1.2e-05  -2.9e-07   0.0018   -3.6e-05  -0.00021   0.032   
   3.3e-06   0.00012   0.00011   1.6e-06  -1.6e-05   2.5e-07   0.0014   -2.1e-05   0.00019   0.016   
   3.3e-06   0.00025   0.00024   2.4e-06  -2.3e-05   2.5e-07   0.002    -2.1e-05   0.00019   0.016   
   2.9e-06   0.00034   0.00034   3.2e-06  -2.6e-05   2.5e-07   0.0021   -2.1e-05   0.00017   0.014   
   2.7e-05   9.1e-05   0.00011  -4.2e-05   1.1e-05   5.9e-06   0.0017    0.00087  -0.00024   0.036   
   1.2e-05   9.6e-05   0.0001   -2.9e-05  -1.4e-05  -4.5e-06   0.0012    0.00038   0.00019   0.016   
   1.2e-05   0.00022   0.00022  -4.3e-05  -2.2e-05  -4.5e-06   0.0019    0.00038   0.00019   0.016   
   1e-05     0.00031   0.00031  -4.7e-05  -2.5e-05  -3.8e-06   0.002     0.00031   0.00017   0.014   
   0.00012   1.7e-05   0.00012   8.9e-06   2.3e-06  -1.7e-05  -0.00024   0.0023    0.00038   0.05    
   2.5e-05   1.4e-05   3.7e-05  -1.7e-05  -3.9e-06  -5.4e-06   0.00035   0.00049   0.00011   0.01    
   4.2e-05   7.6e-05   0.00011  -5.2e-05  -1.2e-05  -9.2e-06   0.0011    0.0008    0.00019   0.016   
   5.5e-05   0.00027   0.00032  -0.00012  -2.8e-05  -1.2e-05   0.0024    0.001     0.00025   0.021   

CRB
   0         0         0         0         0         0         0         0         0         0       
   5.1e-06   5.1e-06   9.6e-06   0         0         0         5.6e-24   0         0         0.027   
   5.1e-06   5.1e-06   9.6e-06  -2.3e-09  -1.9e-09   9.1e-10   1.5e-18   0         2.3e-20   0.027   
   0.00022   0.00022   0.00018   7.1e-06   1.2e-05  -1.2e-05   0         0         0         0.3     
   0.00022   0.00021   0.00018   7e-06     1.2e-05  -1.2e-05  -3.3e-17   6.5e-20   0         0.3     
   0.00033   0.00025   0.00026   5e-06    -9.2e-06  -2e-05     9e-17     0         2.8e-18   0.41    
   1.8e-06   7e-06     6.4e-06  -1.1e-09   1.3e-06   2.9e-10  -5.4e-18   0        -1.1e-20   0.024   
   1.1e-06   6.6e-07   1.1e-06  -6.9e-08   2.1e-09   6.8e-08   5.4e-22   0         0         0.01    
   2.8e-06   9.8e-07   3.1e-06  -1.6e-07  -1.7e-22   0         0         0         0         0.016   
   3.8e-06   1.1e-06   4e-06    -6e-08     1.4e-09   1.5e-07   0         0         0         0.018   
   8.5e-08   1.1e-07   1.4e-07  -1.5e-24  -7.6e-24   5.7e-09   0         0         0         0.003   
   8.5e-08   1.1e-07   1.4e-07  -1.5e-24  -7.6e-24   5.7e-09  -6.6e-19  -1.7e-19  -1.3e-21   0.003   
   4.1e-06   6.1e-06   4.4e-06   1.5e-07  -3e-07    -4.3e-08   0         0         0         0.036   
   3.1e-06   2.8e-06   9.8e-07   0         0         1.6e-07   0         0         0         0.016   
   3.1e-06   2.8e-06   9.8e-07   0         0         1.6e-07   0         0         0         0.016   
   1.3e-06   1.1e-06   6.7e-07  -2.6e-09   8.8e-08   7.3e-08   0         0         0         0.011   
   1.4e-07   8.5e-08   1.1e-07   0         5.7e-09   0         0         0         0         0.003   
   1.4e-07   8.4e-08   1.1e-07   0         5.7e-09   0         6.6e-19   0         0         0.003   
   3.7e-06   5.9e-06   4e-06     5.8e-08  -3.2e-07   1.3e-08   7.2e-18   3.6e-18   0         0.032   
   3.1e-06   2.8e-06   9.8e-07   0         0         1.6e-07   0         0         0         0.016   
   3.1e-06   2.8e-06   9.8e-07   0         0         1.6e-07   0         0         0         0.016   
   1.3e-06   1.1e-06   6.7e-07  -2.6e-09   8.8e-08   7.3e-08   0         1.2e-18   0         0.011   
   1.4e-07   8.5e-08   1.1e-07   0         5.7e-09   0         0         3.3e-19   0         0.003   
   4.1e-06   6.1e-06   4.4e-06  -3.1e-08  -3e-07     6.8e-08   0         0         0         0.036   
   3.1e-06   2.8e-06   9.8e-07   0         0         1.6e-07   0         0         0         0.016   
   3.1e-06   2.8e-06   9.8e-07   0         0         1.6e-07   0         0         0         0.016   
   1.3e-06   1.1e-06   6.7e-07  -2.6e-09   8.8e-08   7.3e-08   0         0         0         0.011   
   1.4e-07   8.5e-08   1.1e-07   0         5.7e-09   0         0         6.6e-19   0         0.003   
   1.3e-05   1.3e-05   6.8e-06  -2.1e-07   4e-07     2.3e-06  -5.6e-18   0        -8.7e-20   0.05    
   1.1e-06   1.1e-06   6.6e-07  -1.7e-09  -6.9e-08  -6.8e-08   0         2.2e-18   0         0.01    
   3.1e-06   2.8e-06   9.8e-07   0         0        -1.6e-07   0         0         0         0.016   
   4e-06     3.8e-06   1.1e-06   1.4e-09   1.5e-07  -6e-08     0         0         0         0.018   
   1.4e-07   8.5e-08   1.1e-07   0         5.7e-09   0         0         6.6e-19   0         0.003   
   1.4e-07   8.3e-08   1.2e-07   1.6e-09   4.2e-09   3e-09     0        -6.2e-19   0         0.0028  
   0.0013    0.005     0.0057   -0.0002   -0.00016   4.5e-05  -1e-17    -1.3e-16   1.3e-18   1.1     
   0.00047   0.0023    0.0024    4.1e-05   6.8e-06  -1.4e-05  -0.023    -0.00018  -0.0033    0.74    
   0         0         0         0         0         0        -0         0         0         0       
   0.00039   8.4e-05   0.00039  -9.9e-05   3.5e-05   0.0001   -0.0017   -0.0041    0.0014    0.072   
   0.00038   6.6e-05   0.00037  -9e-05     3.1e-05   0.0001   -0.0012   -0.0037    0.0013    0.048   
   0.00036   5.2e-05   0.00035  -8.2e-05   2.5e-05   9.1e-05  -0.00092  -0.0034    0.001     0.038   
   0.00028   2.9e-05   0.00027  -5.6e-05   1.4e-05   6.3e-05  -0.00052  -0.0023    0.00057   0.021   
   7.2e-05   0.00076   0.00081   0.00019  -5.1e-05   7.7e-06   0.0072   -0.0021    0.00031   0.082   
   4e-05     0.00066   0.00068   0.00014  -6.3e-05   1.4e-05   0.0053   -0.0012    0.00055   0.046   
   2.6e-05   0.00055   0.00057   0.0001   -4.8e-05   9.3e-06   0.004    -0.00078   0.00036   0.03    
   1.2e-05   0.00032   0.00033   5.4e-05  -2.5e-05   4.3e-06   0.0021   -0.00035   0.00017   0.014   
   1.5e-05   0.00081   0.0008    9.1e-06  -5.4e-05   4.6e-07   0.0073   -9.8e-05   0.00034   0.079   
   9.5e-06   0.0007    0.0007    7.2e-06  -6.5e-05   7.5e-07   0.0055   -6.3e-05   0.00055   0.046   
   6.2e-06   0.00058   0.00058   5.6e-06  -4.9e-05   5e-07     0.0041   -4.2e-05   0.00036   0.03    
   2.9e-06   0.00034   0.00034   3.2e-06  -2.6e-05   2.5e-07   0.0021   -2.1e-05   0.00017   0.014   
   6.1e-05   0.00071   0.00074  -0.00016  -5e-05    -6.9e-06   0.0068    0.0019    0.00031   0.082   
   3.4e-05   0.00062   0.00064  -0.00012  -6.1e-05  -1.3e-05   0.0051    0.0011    0.00055   0.046   
   2.2e-05   0.00052   0.00053  -9e-05    -4.7e-05  -8.3e-06   0.0039    0.00069   0.00036   0.03    
   1e-05     0.00031   0.00031  -4.7e-05  -2.5e-05  -3.8e-06   0.002     0.00031   0.00017   0.014   
   0.00024   0.00038   0.00059  -0.00018  -4.2e-05  -4.4e-05   0.0035    0.0046    0.00093   0.098   
   0.00012   0.00036   0.00047  -0.00018  -4.4e-05  -2.7e-05   0.0038    0.0023    0.00055   0.048   
   9.7e-05   0.00034   0.00043  -0.00017  -4e-05    -2.2e-05   0.0034    0.0018    0.00044   0.038   
   5.5e-05   0.00027   0.00032  -0.00012  -2.8e-05  -1.2e-05   0.0024    0.001     0.00025   0.021   

CONTACT
CVEL
   0         0         0         0         0         0       
   0         0         0         0         0         0       
   0         0         0         0         0         0       
   0         0         0         0         0         0       
   0         0         0         0         0         0       
   0         0         0         0         0         0       
   0         0         0         0         0         0       
   0         0         0         0         0         0       
   0         0         0         0         0         0       
   0         0         0         0         0         0       
   0         0         0         0         0         0       
   0         0         0         0         0         0       
   0         0         0         0         0         0       
   0         0         0         0         0         0       
   0         0         0         0         0         0       
   0         0         0         0         0         0       
   0         0         0         0         0         0       
   0         0         0         0         0         0       
   0         0         0         0         0         0       
   0         0         0         0         0         0       
   0         0         0         0         0         0       
   0         0         0         0         0         0       
   0         0         0         0         0         0       
   0         0         0         0         0         0       
   0         0         0         0         0         0       
   0         0         0         0         0         0       
   0         0         0         0         0         0       
   0         0         0         0         0         0       
   0         0         0         0         0         0       
   0         0         0         0         0         0       
   0         0         0         0         0         0       
   0         0         0         0         0         0       
   0         0         0         0         0         0       
   0         0         0         0         0         0       
   0         0         0         0         0         0       
   0         0         0         0         0         0       
   0         0         0         0         0         0       
   0         0         0         0         0         0       
   0         0         0         0         0         0       
   0         0         0         0         0         0       
   0         0         0         0         0         0       
   0         0         0         0         0         0       
   0         0         0         0         0         0       
   0         0         0         0         0         0       
   0         0         0         0         0         0       
   0         0         0         0         0         0       
   0         0         0         0         0         0       
   0         0         0         0         0         0       
   0         0         0         0         0         0       
   0         0         0         0         0         0       
   0         0         0         0         0         0       
   0         0         0         0         0         0       
   0         0         0         0         0         0       
   0         0         0         0         0         0       
   0         0         0         0         0         0       
   0         0         0         0         0         0       
   0         0         0         0         0         0       

SUBTREE_LINVEL
   0         0         0       
   0         0         0       
   0         0         0       
   0         0         0       
   0         0         0       
   0         0         0       
   0         0         0       
   0         0         0       
   0         0         0       
   0         0         0       
   0         0         0       
   0         0         0       
   0         0         0       
   0         0         0       
   0         0         0       
   0         0         0       
   0         0         0       
   0         0         0       
   0         0         0       
   0         0         0       
   0         0         0       
   0         0         0       
   0         0         0       
   0         0         0       
   0         0         0       
   0         0         0       
   0         0         0       
   0         0         0       
   0         0         0       
   0         0         0       
   0         0         0       
   0         0         0       
   0         0         0       
   0         0         0       
   0         0         0       
   0         0         0       
   0         0         0       
   0         0         0       
   0         0         0       
   0         0         0       
   0         0         0       
   0         0         0       
   0         0         0       
   0         0         0       
   0         0         0       
   0         0         0       
   0         0         0       
   0         0         0       
   0         0         0       
   0         0         0       
   0         0         0       
   0         0         0       
   0         0         0       
   0         0         0       
   0         0         0       
   0         0         0       
   0         0         0       

SUBTREE_ANGMOM
   0         0         0       
   0         0         0       
   0         0         0       
   0         0         0       
   0         0         0       
   0         0         0       
   0         0         0       
   0         0         0       
   0         0         0       
   0         0         0       
   0         0         0       
   0         0         0       
   0         0         0       
   0         0         0       
   0         0         0       
   0         0         0       
   0         0         0       
   0         0         0       
   0         0         0       
   0         0         0       
   0         0         0       
   0         0         0       
   0         0         0       
   0         0         0       
   0         0         0       
   0         0         0       
   0         0         0       
   0         0         0       
   0         0         0       
   0         0         0       
   0         0         0       
   0         0         0       
   0         0         0       
   0         0         0       
   0         0         0       
   0         0         0       
   0         0         0       
   0         0         0       
   0         0         0       
   0         0         0       
   0         0         0       
   0         0         0       
   0         0         0       
   0         0         0       
   0         0         0       
   0         0         0       
   0         0         0       
   0         0         0       
   0         0         0       
   0         0         0       
   0         0         0       
   0         0         0       
   0         0         0       
   0         0         0       
   0         0         0       
   0         0         0       
   0         0         0       

CACC
   0         0         0         0         0         0       
   0         0         0         0         0         0       
   0         0         0         0         0         0       
   0         0         0         0         0         0       
   0         0         0         0         0         0       
   0         0         0         0         0         0       
   0         0         0         0         0         0       
   0         0         0         0         0         0       
   0         0         0         0         0         0       
   0         0         0         0         0         0       
   0         0         0         0         0         0       
   0         0         0         0         0         0       
   0         0         0         0         0         0       
   0         0         0         0         0         0       
   0         0         0         0         0         0       
   0         0         0         0         0         0       
   0         0         0         0         0         0       
   0         0         0         0         0         0       
   0         0         0         0         0         0       
   0         0         0         0         0         0       
   0         0         0         0         0         0       
   0         0         0         0         0         0       
   0         0         0         0         0         0       
   0         0         0         0         0         0       
   0         0         0         0         0         0       
   0         0         0         0         0         0       
   0         0         0         0         0         0       
   0         0         0         0         0         0       
   0         0         0         0         0         0       
   0         0         0         0         0         0       
   0         0         0         0         0         0       
   0         0         0         0         0         0       
   0         0         0         0         0         0       
   0         0         0         0         0         0       
   0         0         0         0         0         0       
   0         0         0         0         0         0       
   0         0         0         0         0         0       
   0         0         0         0         0         0       
   0         0         0         0         0         0       
   0         0         0         0         0         0       
   0         0         0         0         0         0       
   0         0         0         0         0         0       
   0         0         0         0         0         0       
   0         0         0         0         0         0       
   0         0         0         0         0         0       
   0         0         0         0         0         0       
   0         0         0         0         0         0       
   0         0         0         0         0         0       
   0         0         0         0         0         0       
   0         0         0         0         0         0       
   0         0         0         0         0         0       
   0         0         0         0         0         0       
   0         0         0         0         0         0       
   0         0         0         0         0         0       
   0         0         0         0         0         0       
   0         0         0         0         0         0       
   0         0         0         0         0         0       

CFRC_INT
   0         0         0         0         0         0       
   0         0         0         0         0         0       
   0         0         0         0         0         0       
   0         0         0         0         0         0       
   0         0         0         0         0         0       
   0         0         0         0         0         0       
   0         0         0         0         0         0       
   0         0         0         0         0         0       
   0         0         0         0         0         0       
   0         0         0         0         0         0       
   0         0         0         0         0         0       
   0         0         0         0         0         0       
   0         0         0         0         0         0       
   0         0         0         0         0         0       
   0         0         0         0         0         0       
   0         0         0         0         0         0       
   0         0         0         0         0         0       
   0         0         0         0         0         0       
   0         0         0         0         0         0       
   0         0         0         0         0         0       
   0         0         0         0         0         0       
   0         0         0         0         0         0       
   0         0         0         0         0         0       
   0         0         0         0         0         0       
   0         0         0         0         0         0       
   0         0         0         0         0         0       
   0         0         0         0         0         0       
   0         0         0         0         0         0       
   0         0         0         0         0         0       
   0         0         0         0         0         0       
   0         0         0         0         0         0       
   0         0         0         0         0         0       
   0         0         0         0         0         0       
   0         0         0         0         0         0       
   0         0         0         0         0         0       
   0         0         0         0         0         0       
   0         0         0         0         0         0       
   0         0         0         0         0         0       
   0         0         0         0         0         0       
   0         0         0         0         0         0       
   0         0         0         0         0         0       
   0         0         0         0         0         0       
   0         0         0         0         0         0       
   0         0         0         0         0         0       
   0         0         0         0         0         0       
   0         0         0         0         0         0       
   0         0         0         0         0         0       
   0         0         0         0         0         0       
   0         0         0         0         0         0       
   0         0         0         0         0         0       
   0         0         0         0         0         0       
   0         0         0         0         0         0       
   0         0         0         0         0         0       
   0         0         0         0         0         0       
   0         0         0         0         0         0       
   0         0         0         0         0         0       
   0         0         0         0         0         0       

CFRC_EXT
   0         0         0         0         0         0       
   0         0         0         0         0         0       
   0         0         0         0         0         0       
   0         0         0         0         0         0       
   0         0         0         0         0         0       
   0         0         0         0         0         0       
   0         0         0         0         0         0       
   0         0         0         0         0         0       
   0         0         0         0         0         0       
   0         0         0         0         0         0       
   0         0         0         0         0         0       
   0         0         0         0         0         0       
   0         0         0         0         0         0       
   0         0         0         0         0         0       
   0         0         0         0         0         0       
   0         0         0         0         0         0       
   0         0         0         0         0         0       
   0         0         0         0         0         0       
   0         0         0         0         0         0       
   0         0         0         0         0         0       
   0         0         0         0         0         0       
   0         0         0         0         0         0       
   0         0         0         0         0         0       
   0         0         0         0         0         0       
   0         0         0         0         0         0       
   0         0         0         0         0         0       
   0         0         0         0         0         0       
   0         0         0         0         0         0       
   0         0         0         0         0         0       
   0         0         0         0         0         0       
   0         0         0         0         0         0       
   0         0         0         0         0         0       
   0         0         0         0         0         0       
   0         0         0         0         0         0       
   0         0         0         0         0         0       
   0         0         0         0         0         0       
   0         0         0         0         0         0       
   0         0         0         0         0         0       
   0         0         0         0         0         0       
   0         0         0         0         0         0       
   0         0         0         0         0         0       
   0         0         0         0         0         0       
   0         0         0         0         0         0       
   0         0         0         0         0         0       
   0         0         0         0         0         0       
   0         0         0         0         0         0       
   0         0         0         0         0         0       
   0         0         0         0         0         0       
   0         0         0         0         0         0       
   0         0         0         0         0         0       
   0         0         0         0         0         0       
   0         0         0         0         0         0       
   0         0         0         0         0         0       
   0         0         0         0         0         0       
   0         0         0         0         0         0       
   0         0         0         0         0         0       
   0         0         0         0         0         0       

